# column: simulation, redshift, Mstar (total stellar mass), Mbh mass, 15th percentile Mbh mass, 85th
# simulation = [0,1,2,3,4,5] = [Illustris, TNG100, TNG300, Horizon-AGN, EAGLE, SIMBA]
# redshift = [5,4,3,2,1,0]
# data from Habouzit+21 (Fig.5)

0 5 9.109 6.403 6.165 6.615
0 5 9.361 6.689 6.444 6.896
0 5 9.616 7.009 6.815 7.209
0 5 9.858 7.150 6.973 7.421
0 5 10.080 7.433 7.262 7.648
0 5 10.333 7.737 7.488 7.850
0 4 9.111 6.399 6.179 6.625
0 4 9.366 6.706 6.464 6.923
0 4 9.615 7.037 6.766 7.268
0 4 9.861 7.325 7.115 7.553
0 4 10.118 7.603 7.343 7.848
0 4 10.348 7.949 7.645 8.102
0 4 10.609 8.351 8.247 8.497
0 4 10.841 8.633 8.488 8.896
0 3 9.115 6.338 6.084 6.573
0 3 9.364 6.631 6.388 6.887
0 3 9.618 6.917 6.675 7.160
0 3 9.864 7.220 6.967 7.467
0 3 10.106 7.540 7.274 7.824
0 3 10.343 7.843 7.561 8.128
0 3 10.602 8.198 7.902 8.466
0 3 10.857 8.629 8.353 8.881
0 3 11.092 8.784 8.556 8.995
0 3 11.333 9.321 9.160 9.419
0 2 9.118 6.182 5.862 6.467
0 2 9.367 6.493 6.194 6.770
0 2 9.619 6.788 6.492 7.056
0 2 9.864 7.064 6.790 7.347
0 2 10.121 7.352 7.088 7.636
0 2 10.366 7.652 7.372 7.985
0 2 10.608 7.980 7.688 8.330
0 2 10.867 8.402 7.995 8.852
0 2 11.117 8.818 8.537 9.157
0 2 11.339 9.082 8.802 9.378
0 2 11.587 9.499 9.378 9.644
0 1 9.119 5.826 5.438 6.224
0 1 9.368 6.220 5.855 6.566
0 1 9.620 6.542 6.188 6.865
0 1 9.863 6.844 6.498 7.166
0 1 10.113 7.143 6.810 7.470
0 1 10.369 7.456 7.101 7.771
0 1 10.621 7.757 7.394 8.139
0 1 10.867 8.060 7.733 8.486
0 1 11.113 8.505 8.142 8.987
0 1 11.359 8.932 8.650 9.258
0 1 11.582 9.248 8.949 9.585
0 0 9.127 5.318 5.193 5.679
0 0 9.368 5.666 5.357 6.140
0 0 9.620 6.097 5.693 6.538
0 0 9.871 6.452 6.041 6.861
0 0 10.120 6.776 6.335 7.190
0 0 10.366 7.099 6.674 7.549
0 0 10.615 7.510 7.032 7.976
0 0 10.863 7.917 7.355 8.374
0 0 11.108 8.375 7.892 8.771
0 0 11.353 8.884 8.484 9.217
0 0 11.595 9.285 9.037 9.556
0 0 11.838 9.652 9.427 9.818
1 5 9.116 6.198 6.159 6.275
1 5 9.372 6.302 6.213 6.501
1 5 9.633 6.591 6.326 6.953
1 5 9.878 6.991 6.601 7.345
1 5 10.096 7.346 7.122 7.666
1 5 10.327 7.695 7.296 7.812
1 5 10.567 7.732 7.581 8.033
1 4 9.111 6.214 6.164 6.275
1 4 9.370 6.304 6.223 6.464
1 4 9.619 6.492 6.324 6.910
1 4 9.864 7.021 6.555 7.340
1 4 10.107 7.410 7.070 7.740
1 4 10.354 7.850 7.574 8.214
1 4 10.598 8.217 7.920 8.394
1 4 10.828 8.451 8.176 8.635
1 3 9.113 6.247 6.192 6.320
1 3 9.366 6.340 6.253 6.513
1 3 9.619 6.514 6.340 6.951
1 3 9.872 6.988 6.505 7.332
1 3 10.120 7.406 6.982 7.757
1 3 10.360 7.931 7.573 8.289
1 3 10.607 8.464 8.136 8.631
1 3 10.845 8.668 8.500 8.762
1 3 11.067 8.821 8.557 8.917
1 2 9.118 6.303 6.219 6.413
1 2 9.370 6.446 6.309 6.734
1 2 9.618 6.799 6.439 7.188
1 2 9.867 7.271 6.747 7.568
1 2 10.117 7.640 7.283 7.948
1 2 10.363 8.094 7.768 8.408
1 2 10.606 8.472 8.223 8.645
1 2 10.848 8.680 8.510 8.826
1 2 11.097 8.825 8.692 9.030
1 2 11.355 8.972 8.860 9.243
1 1 9.121 6.425 6.274 6.678
1 1 9.372 6.743 6.432 7.015
1 1 9.621 7.087 6.738 7.317
1 1 9.868 7.410 7.132 7.610
1 1 10.120 7.729 7.481 7.960
1 1 10.373 8.095 7.839 8.359
1 1 10.611 8.373 8.151 8.557
1 1 10.851 8.588 8.381 8.768
1 1 11.098 8.872 8.650 9.006
1 1 11.341 9.115 8.978 9.205
1 1 11.602 9.308 9.000 9.408
1 1 11.821 9.619 9.502 9.683
1 0 9.124 6.703 6.389 7.007
1 0 9.373 7.096 6.755 7.289
1 0 9.619 7.368 7.145 7.511
1 0 9.870 7.595 7.414 7.749
1 0 10.123 7.855 7.656 8.054
1 0 10.374 8.144 7.931 8.291
1 0 10.608 8.295 8.160 8.508
1 0 10.859 8.516 8.315 8.731
1 0 11.110 8.803 8.631 8.983
1 0 11.362 9.075 8.898 9.231
1 0 11.630 9.385 9.257 9.463
1 0 11.849 9.559 9.468 9.647
2 5 9.114 6.129 6.112 6.153
2 5 9.367 6.168 6.141 6.251
2 5 9.614 6.234 6.184 6.511
2 5 9.863 6.379 6.252 6.789
2 5 10.115 6.707 6.366 7.168
2 5 10.358 7.216 6.878 7.589
2 5 10.602 7.512 7.119 7.895
2 5 10.826 7.626 7.376 7.969
2 5 11.120 7.845 7.614 8.036
2 4 9.115 6.142 6.122 6.172
2 4 9.366 6.183 6.153 6.440
2 4 9.616 6.251 6.197 6.585
2 4 9.867 6.404 6.255 6.902
2 4 10.115 6.873 6.417 7.449
2 4 10.356 7.561 7.018 8.003
2 4 10.610 7.894 7.390 8.322
2 4 10.855 8.095 7.528 8.555
2 4 11.081 8.304 7.895 8.733
2 4 11.322 8.996 8.509 9.169
2 3 9.117 6.171 6.145 6.209
2 3 9.368 6.217 6.181 6.485
2 3 9.619 6.280 6.221 6.682
2 3 9.869 6.510 6.278 7.101
2 3 10.117 7.284 6.554 7.764
2 3 10.362 7.946 7.421 8.267
2 3 10.610 8.377 7.946 8.621
2 3 10.856 8.599 8.080 8.797
2 3 11.099 8.758 8.206 8.997
2 3 11.336 9.018 8.646 9.283
2 3 11.574 9.530 9.429 9.584
2 2 9.120 6.220 6.177 6.282
2 2 9.370 6.269 6.219 6.563
2 2 9.621 6.358 6.263 6.812
2 2 9.872 6.727 6.361 7.407
2 2 10.116 7.616 6.801 7.882
2 2 10.367 8.079 7.749 8.336
2 2 10.609 8.445 8.201 8.600
2 2 10.848 8.650 8.466 8.807
2 2 11.100 8.842 8.650 9.036
2 2 11.347 9.090 8.853 9.317
2 2 11.582 9.397 9.183 9.601
2 2 11.843 9.777 9.696 9.809
2 1 9.121 6.234 6.169 6.407
2 1 9.372 6.347 6.244 6.654
2 1 9.621 6.576 6.339 7.205
2 1 9.870 7.150 6.480 7.587
2 1 10.119 7.694 6.820 7.910
2 1 10.373 8.094 7.788 8.295
2 1 10.607 8.344 8.178 8.522
2 1 10.851 8.610 8.388 8.791
2 1 11.101 8.892 8.696 9.042
2 1 11.353 9.150 8.992 9.284
2 1 11.610 9.423 9.233 9.548
2 1 11.862 9.690 9.573 9.799
2 0 9.122 6.221 6.158 6.474
2 0 9.373 6.381 6.239 6.732
2 0 9.623 6.679 6.371 7.357
2 0 9.872 7.355 6.608 7.728
2 0 10.123 7.847 7.269 8.044
2 0 10.373 8.162 7.953 8.258
2 0 10.606 8.300 8.198 8.472
2 0 10.857 8.588 8.389 8.755
2 0 11.107 8.870 8.701 9.022
2 0 11.361 9.151 9.013 9.284
2 0 11.606 9.407 9.279 9.525
2 0 11.851 9.661 9.542 9.789
3 5 9.108 6.674 6.484 6.833
3 5 9.360 6.948 6.797 7.089
3 5 9.604 7.199 7.024 7.334
3 5 9.870 7.474 7.350 7.645
3 5 10.070 7.739 7.610 7.778
3 4 9.118 6.524 6.250 6.701
3 4 9.359 6.804 6.613 6.986
3 4 9.609 7.096 6.925 7.265
3 4 9.855 7.372 7.227 7.551
3 4 10.098 7.702 7.516 7.868
3 4 10.343 7.958 7.750 8.143
3 4 10.595 8.339 8.024 8.429
3 3 9.121 6.495 6.349 6.640
3 3 9.371 6.725 6.567 6.895
3 3 9.616 6.987 6.833 7.149
3 3 9.867 7.252 7.102 7.425
3 3 10.115 7.519 7.366 7.704
3 3 10.357 7.813 7.639 8.013
3 3 10.607 8.140 7.904 8.329
3 3 10.845 8.493 8.329 8.643
3 3 11.081 8.774 8.654 8.852
3 2 9.136 6.511 6.334 6.646
3 2 9.376 6.689 6.514 6.833
3 2 9.618 6.884 6.723 7.037
3 2 9.867 7.142 6.981 7.308
3 2 10.118 7.424 7.256 7.611
3 2 10.366 7.712 7.548 7.890
3 2 10.609 8.009 7.824 8.213
3 2 10.849 8.321 8.118 8.516
3 2 11.094 8.665 8.495 8.857
3 2 11.326 8.970 8.877 9.063
3 1 9.146 6.455 6.260 6.659
3 1 9.386 6.602 6.415 6.810
3 1 9.623 6.777 6.574 6.981
3 1 9.867 6.994 6.796 7.191
3 1 10.120 7.278 7.090 7.490
3 1 10.372 7.606 7.401 7.803
3 1 10.618 7.920 7.716 8.108
3 1 10.863 8.238 8.055 8.418
3 1 11.101 8.541 8.353 8.717
3 1 11.347 8.905 8.705 9.055
3 1 11.613 9.227 9.024 9.345
3 1 11.833 9.454 9.165 9.570
3 0 9.150 6.618 6.468 6.815
3 0 9.398 6.768 6.624 6.916
3 0 9.636 6.899 6.752 7.059
3 0 9.875 7.027 6.874 7.200
3 0 10.121 7.193 7.039 7.384
3 0 10.377 7.430 7.232 7.646
3 0 10.624 7.755 7.535 7.964
3 0 10.872 8.096 7.865 8.287
3 0 11.111 8.411 8.207 8.571
3 0 11.354 8.731 8.573 8.884
3 0 11.602 9.036 8.913 9.172
3 0 11.852 9.354 9.235 9.466
4 5 9.110 5.521 5.213 5.792
4 5 9.358 5.685 5.493 5.902
4 5 9.623 6.025 5.687 6.777
4 5 9.870 6.920 6.110 7.359
4 5 10.118 7.318 6.102 7.618
4 5 10.339 7.425 6.197 7.824
4 5 10.596 7.003 6.306 8.261
4 4 9.110 5.521 5.213 5.792
4 4 9.358 5.685 5.493 5.902
4 4 9.623 6.025 5.687 6.777
4 4 9.870 6.920 6.110 7.359
4 4 10.118 7.318 6.102 7.618
4 4 10.339 7.425 6.197 7.824
4 4 10.596 7.003 6.306 8.261
4 3 9.117 5.508 5.201 5.787
4 3 9.366 5.680 5.485 5.894
4 3 9.612 5.872 5.612 6.094
4 3 9.879 6.351 5.963 7.188
4 3 10.111 7.159 6.463 7.619
4 3 10.359 7.389 6.554 7.872
4 3 10.603 7.721 6.595 8.222
4 3 10.841 7.981 6.691 8.413
4 2 9.121 5.497 5.194 5.717
4 2 9.368 5.667 5.477 5.875
4 2 9.616 5.801 5.530 5.986
4 2 9.870 6.035 5.797 6.437
4 2 10.121 6.788 6.189 7.446
4 2 10.361 7.274 6.674 7.735
4 2 10.604 7.669 7.217 8.032
4 2 10.868 8.009 7.534 8.388
4 2 11.106 8.378 7.975 8.726
4 1 9.121 5.506 5.201 5.760
4 1 9.372 5.659 5.266 5.860
4 1 9.619 5.787 5.519 5.982
4 1 9.867 5.969 5.708 6.215
4 1 10.122 6.374 5.986 7.171
4 1 10.363 7.084 6.435 7.608
4 1 10.613 7.524 7.044 7.906
4 1 10.846 7.911 7.496 8.224
4 1 11.104 8.316 8.048 8.532
4 1 11.359 8.627 8.397 8.868
4 1 11.598 8.925 8.485 9.042
4 0 9.121 5.580 5.233 5.867
4 0 9.372 5.714 5.479 5.988
4 0 9.620 5.864 5.560 6.175
4 0 9.870 6.080 5.778 6.491
4 0 10.122 6.419 6.029 7.033
4 0 10.369 7.005 6.439 7.531
4 0 10.616 7.511 6.973 7.870
4 0 10.863 7.910 7.524 8.175
4 0 11.118 8.287 7.997 8.509
4 0 11.360 8.612 8.428 8.795
4 0 11.603 8.845 8.605 9.115
4 0 11.844 9.169 8.844 9.231
5 5 9.400 5.000 4.555 5.856
5 5 9.649 5.736 4.833 6.319
5 5 9.850 6.612 6.352 6.945
5 5 10.100 7.158 6.820 7.314
5 5 10.346 7.438 7.265 7.731
5 5 10.620 7.746 7.373 7.978
5 5 10.890 8.242 8.000 8.348
5 5 11.123 8.182 7.831 8.388
5 4 9.178 4.851 4.463 5.564
5 4 9.423 5.568 4.809 6.097
5 4 9.647 5.871 5.112 6.333
5 4 9.861 6.664 6.340 6.919
5 4 10.111 7.095 6.858 7.407
5 4 10.370 7.482 7.252 7.767
5 4 10.625 7.866 7.597 8.102
5 4 10.855 8.138 7.899 8.338
5 4 11.138 8.424 8.204 8.512
5 4 11.354 8.457 8.345 8.556
5 3 9.180 5.397 5.036 5.704
5 3 9.410 5.449 4.663 5.989
5 3 9.642 5.903 5.185 6.363
5 3 9.864 6.658 6.310 6.998
5 3 10.118 7.099 6.831 7.491
5 3 10.360 7.443 7.161 7.773
5 3 10.622 7.852 7.578 8.144
5 3 10.860 8.168 7.844 8.394
5 3 11.119 8.405 8.134 8.577
5 3 11.338 8.571 8.369 8.720
5 3 11.611 8.823 8.605 8.957
5 2 9.135 5.543 5.078 5.996
5 2 9.411 5.524 4.755 6.010
5 2 9.650 5.843 5.134 6.372
5 2 9.868 6.683 6.226 7.135
5 2 10.120 7.172 6.770 7.646
5 2 10.364 7.597 7.127 7.941
5 2 10.621 7.897 7.468 8.202
5 2 10.863 8.184 7.794 8.464
5 2 11.110 8.470 8.157 8.692
5 2 11.354 8.610 8.377 8.784
5 2 11.592 8.779 8.676 9.056
5 2 11.824 9.282 9.006 9.444
5 1 9.143 5.456 4.167 6.235
5 1 9.396 5.647 4.202 6.425
5 1 9.660 6.092 5.276 6.652
5 1 9.872 6.970 6.429 7.354
5 1 10.123 7.623 7.043 7.854
5 1 10.368 7.863 7.363 8.080
5 1 10.619 8.046 7.613 8.323
5 1 10.862 8.247 7.879 8.578
5 1 11.109 8.477 8.118 8.784
5 1 11.357 8.759 8.432 9.019
5 1 11.595 8.995 8.785 9.296
5 1 11.856 9.519 9.186 9.674
5 0 9.148 4.802 4.167 6.852
5 0 9.436 5.829 4.167 6.515
5 0 9.636 6.727 5.980 7.091
5 0 9.865 7.335 7.002 7.562
5 0 10.114 7.731 7.343 7.913
5 0 10.363 7.947 7.466 8.188
5 0 10.617 8.136 7.490 8.438
5 0 10.861 8.279 7.706 8.643
5 0 11.107 8.629 8.016 8.890
5 0 11.357 8.895 8.619 9.155
5 0 11.598 9.291 9.054 9.542
5 0 11.852 9.622 9.493 9.902